	시군구1	시군구2	SIG_KOR_NM		계	상급종합병원	종합병원	병원	요양병원	의원	치과병원	치과의원	한방병원	한의원	보건소	보건지소	보건진료소	보건의료원	조산원	약국
229	경기	가평군	가평군	TRUE	114	0	0	3	3	26	0	20	1	16	1	5	15	0	0	24
176	서울	강남구	강남구	TRUE	3088	2	2	33	9	1639	15	566	11	366	1	0	0	0	0	444
178	서울	강동구	강동구	TRUE	1023	0	3	15	6	354	3	218	5	185	1	0	0	0	0	233
233	강원	강릉시	강릉시	TRUE	347	0	4	3	4	114	1	56	0	59	1	7	9	0	0	89
162	서울	강북구	강북구	TRUE	628	0	1	8	6	225	1	124	0	96	1	0	0	0	0	166
90	부산	강서구	강서구	TRUE	147	0	0	4	0	49	1	27	0	21	1	4	3	0	0	37
169	서울	강서구	강서구	TRUE	1080	0	4	17	4	394	3	219	4	191	1	0	0	0	0	243
32	전남	강진군	강진군	TRUE	71	0	0	2	1	20	0	6	0	7	1	10	7	0	0	17
187	인천	강화군	강화군	TRUE	107	0	1	2	4	20	0	14	1	16	1	13	13	0	0	22
142	경남	거제시	거제시	TRUE	317	0	3	7	2	102	3	55	0	46	1	10	12	0	0	76
152	경남	거창군	거창군	TRUE	127	0	0	2	3	31	0	16	0	13	1	11	18	0	0	32
118	경북	경산시	경산시	TRUE	427	0	1	4	12	146	2	74	0	63	1	8	10	0	0	106
110	경북	경주시	경주시	TRUE	407	0	1	10	14	115	2	58	1	68	1	12	16	0	0	109
70	충남	계룡시	계룡시	TRUE	61	0	0	1	1	18	0	13	0	11	1	2	0	0	0	14
185	인천	계양구	계양구	TRUE	477	0	2	8	10	160	0	105	4	71	1	1	0	0	1	114
125	경북	고령군	고령군	TRUE	62	0	0	1	2	12	0	8	0	10	1	7	10	0	0	11
147	경남	고성군	고성군	TRUE	89	0	0	3	2	19	0	11	0	12	1	13	12	0	0	16
247	강원	고성군	고성군	TRUE	41	0	0	0	0	7	0	5	0	4	1	3	9	0	0	12
205	경기	고양시덕양구	고양시덕양구	TRUE	645	0	1	8	7	224	2	116	0	116	1	0	0	0	0	170
206	경기	고양시일산동구	고양시일산동구	TRUE	478	0	4	11	17	154	2	96	3	70	1	0	0	0	0	120
207	경기	고양시일산서구	고양시일산서구	TRUE	485	0	1	5	7	169	2	93	0	91	1	0	0	0	0	116
18	전북	고창군	고창군	TRUE	123	0	1	1	5	31	0	13	0	11	1	12	24	0	0	24
28	전남	고흥군	고흥군	TRUE	141	0	1	3	1	32	0	12	0	17	1	16	26	0	0	32
26	전남	곡성군	곡성군	TRUE	70	0	0	1	2	14	0	9	0	5	0	8	15	1	0	15
65	충남	공주시	공주시	TRUE	221	0	1	1	10	66	0	25	1	32	1	10	19	0	0	55
208	경기	과천시	과천시	TRUE	92	0	0	0	0	38	1	17	0	14	1	0	0	0	0	21
174	서울	관악구	관악구	TRUE	909	0	1	10	3	319	1	204	2	153	1	0	0	0	0	215
200	경기	광명시	광명시	TRUE	530	0	1	5	5	205	0	114	0	81	1	0	0	0	0	118
4	광주	광산구	광산구	TRUE	640	0	6	18	17	206	3	139	18	72	1	1	7	0	0	152
24	전남	광양시	광양시	TRUE	210	0	1	4	5	62	0	40	1	25	1	8	14	0	0	49
224	경기	광주시	광주시	TRUE	406	0	1	2	7	131	1	74	0	69	1	3	12	0	0	105
158	서울	광진구	광진구	TRUE	723	1	1	5	3	268	2	154	0	118	1	0	0	0	0	170
60	충북	괴산군	괴산군	TRUE	64	0	0	2	1	9	0	5	0	6	1	12	17	0	0	11
27	전남	구례군	구례군	TRUE	57	0	0	1	3	10	0	5	0	7	0	7	12	1	0	11
170	서울	구로구	구로구	TRUE	741	1	1	8	9	261	1	166	2	110	1	1	0	0	0	180
209	경기	구리시	구리시	TRUE	418	0	1	9	5	146	0	93	0	66	1	2	0	0	0	95
113	경북	구미시	구미시	TRUE	616	0	3	8	9	217	5	104	0	92	2	8	12	0	0	156
7	전북	군산시	군산시	TRUE	494	0	2	6	9	159	0	77	2	74	1	14	19	0	0	131
119	경북	군위군	군위군	TRUE	41	0	0	0	0	8	0	4	0	4	1	7	10	0	0	7
213	경기	군포시	군포시	TRUE	429	0	2	3	8	140	2	97	0	68	1	1	0	0	0	107
72	충남	금산군	금산군	TRUE	119	0	0	1	3	35	0	13	0	16	1	9	8	0	0	33
89	부산	금정구	금정구	TRUE	466	0	1	10	22	147	0	96	2	81	1	0	0	0	0	106
171	서울	금천구	금천구	TRUE	475	0	1	6	4	158	0	106	3	78	1	0	0	0	0	118
94	부산	기장군	기장군	TRUE	229	0	1	5	5	82	1	40	0	33	1	4	2	0	0	55
11	전북	김제시	김제시	TRUE	188	0	0	8	4	51	0	19	1	19	1	14	25	0	0	46
111	경북	김천시	김천시	TRUE	212	0	2	1	4	60	0	33	0	24	1	15	16	0	0	56
222	경기	김포시	김포시	TRUE	604	0	2	15	7	200	0	131	6	94	1	6	7	0	0	135
140	경남	김해시	김해시	TRUE	711	0	5	25	35	218	5	130	3	104	1	8	1	0	0	176
23	전남	나주시	나주시	TRUE	214	0	1	4	10	61	0	34	3	25	1	13	15	0	0	47
2	광주	남구	남구	TRUE	427	0	3	15	9	128	0	103	17	45	1	0	2	0	0	104
85	부산	남구	남구	TRUE	475	0	1	8	8	157	1	99	0	90	1	0	0	0	0	110
98	대구	남구	남구	TRUE	345	2	1	7	10	103	0	56	0	62	1	0	0	0	0	103
104	울산	남구	남구	TRUE	765	0	3	20	18	271	2	179	2	115	1	1	0	0	0	153
183	인천	남동구	남동구	TRUE	955	1	0	14	18	355	1	189	7	148	1	0	0	0	0	221
210	경기	남양주시	남양주시	TRUE	912	0	3	12	19	308	0	194	0	139	2	6	3	0	1	225
10	전북	남원시	남원시	TRUE	186	0	1	2	4	58	0	21	0	21	1	15	24	0	0	39
148	경남	남해군	남해군	TRUE	88	0	0	1	1	23	0	9	0	9	1	9	15	0	0	20
164	서울	노원구	노원구	TRUE	952	0	3	7	6	350	3	195	2	159	1	1	0	0	0	225
69	충남	논산시	논산시	TRUE	262	0	1	2	12	77	0	32	0	36	1	13	26	0	0	62
62	충북	단양군	단양군	TRUE	52	0	0	1	1	7	0	6	0	4	1	7	15	0	0	10
101	대구	달서구	달서구	TRUE	1064	1	4	31	13	378	5	195	0	172	1	0	0	0	0	264
102	대구	달성군	달성군	TRUE	361	0	0	6	8	123	0	60	0	59	1	8	8	0	0	88
25	전남	담양군	담양군	TRUE	98	0	0	2	7	22	0	12	1	10	1	11	11	0	0	21
71	충남	당진시	당진시	TRUE	265	0	1	3	4	81	1	44	0	32	1	11	19	0	0	68
48	대전	대덕구	대덕구	TRUE	310	0	2	4	4	113	1	47	0	47	1	0	1	0	0	90
163	서울	도봉구	도봉구	TRUE	485	0	1	8	6	163	1	103	2	85	1	0	0	0	0	115
0	광주	동구	동구	TRUE	327	2	1	6	10	113	1	56	6	34	1	0	0	0	0	97
44	대전	동구	동구	TRUE	447	0	1	4	11	156	1	74	1	82	1	1	1	0	0	114
81	부산	동구	동구	TRUE	239	0	3	5	6	77	2	34	1	44	1	0	0	0	0	66
96	대구	동구	동구	TRUE	649	0	1	9	7	236	0	103	0	117	1	0	0	0	0	175
105	울산	동구	동구	TRUE	242	0	1	1	4	87	1	45	0	36	1	0	0	0	0	66
180	인천	동구	동구	TRUE	122	0	2	0	0	42	0	25	0	18	1	0	0	0	0	34
159	서울	동대문구	동대문구	TRUE	832	1	3	14	9	260	4	157	1	157	1	0	0	0	1	224
202	경기	동두천시	동두천시	TRUE	140	0	0	1	10	41	0	26	0	18	1	0	0	0	0	43
84	부산	동래구	동래구	TRUE	608	0	3	16	17	184	4	130	0	117	1	0	0	0	0	136
173	서울	동작구	동작구	TRUE	762	1	1	5	3	259	2	172	1	132	1	0	0	0	0	185
234	강원	동해시	동해시	TRUE	140	0	1	2	3	50	0	26	0	17	1	1	0	0	0	39
167	서울	마포구	마포구	TRUE	929	0	0	2	3	371	3	200	1	150	1	0	0	0	0	198
20	전남	목포시	목포시	TRUE	406	0	5	16	7	135	2	63	9	48	1	1	0	0	1	118
35	전남	무안군	무안군	TRUE	141	0	1	2	4	44	1	17	2	16	1	8	11	0	0	34
14	전북	무주군	무주군	TRUE	53	0	0	0	0	12	0	5	0	8	0	5	9	1	0	13
117	경북	문경시	문경시	TRUE	147	0	1	2	1	45	0	19	0	18	1	9	13	0	0	38
181	인천	미추홀구	미추홀구	TRUE	643	0	2	13	14	211	1	124	7	93	2	1	0	0	0	175
141	경남	밀양시	밀양시	TRUE	178	0	0	8	5	44	0	26	1	23	1	9	15	0	0	46
66	충남	보령시	보령시	TRUE	186	0	1	2	4	53	0	24	0	29	1	10	17	0	0	45
29	전남	보성군	보성군	TRUE	98	0	0	2	4	23	0	9	0	9	1	10	15	0	0	25
55	충북	보은군	보은군	TRUE	74	0	0	2	2	16	0	6	0	7	1	8	15	0	0	17
129	경북	봉화군	봉화군	TRUE	47	0	0	1	1	7	0	4	0	7	1	9	7	0	0	10
83	부산	부산진구	부산진구	TRUE	986	1	3	19	14	429	3	170	1	157	1	0	0	0	0	188
19	전북	부안군	부안군	TRUE	118	0	1	5	2	26	0	15	0	17	1	11	11	0	0	29
73	충남	부여군	부여군	TRUE	137	0	0	1	5	30	0	16	0	16	1	15	20	0	0	33
199	경기	부천시	부천시	TRUE	1432	1	4	23	31	510	4	282	9	218	3	0	0	0	1	346
184	인천	부평구	부평구	TRUE	847	1	2	10	8	308	4	170	8	124	1	1	0	0	0	210
3	광주	북구	북구	TRUE	782	0	6	22	19	251	1	183	26	85	1	0	0	0	0	188
86	부산	북구	북구	TRUE	465	0	2	11	14	166	3	88	0	77	1	1	0	0	0	102
99	대구	북구	북구	TRUE	748	1	1	20	11	250	2	141	0	120	1	1	0	0	0	200
106	울산	북구	북구	TRUE	211	0	1	4	4	69	1	48	1	32	1	0	2	0	0	48
93	부산	사상구	사상구	TRUE	317	0	2	8	18	111	1	58	0	42	1	0	0	0	0	76
139	경남	사천시	사천시	TRUE	191	0	0	5	7	51	0	35	0	27	1	7	12	0	0	46
88	부산	사하구	사하구	TRUE	541	0	0	18	25	184	1	100	2	85	1	0	0	0	0	125
150	경남	산청군	산청군	TRUE	72	0	0	0	1	13	0	6	0	13	0	9	15	1	0	14
237	강원	삼척시	삼척시	TRUE	94	0	1	1	1	27	0	12	0	10	1	8	6	0	0	27
116	경북	상주시	상주시	TRUE	186	0	2	1	3	45	0	25	0	25	1	18	25	0	0	41
1	광주	서구	서구	TRUE	676	0	5	19	11	250	9	144	18	87	1	0	1	0	0	131
46	대전	서구	서구	TRUE	1123	0	3	26	12	431	1	222	5	181	1	2	1	0	0	238
80	부산	서구	서구	TRUE	235	3	1	4	6	60	0	34	1	35	1	0	0	0	0	90
97	대구	서구	서구	TRUE	374	0	1	8	9	119	0	53	0	70	1	0	0	0	0	113
186	인천	서구	서구	TRUE	670	0	5	8	9	240	1	144	4	94	1	0	0	0	0	164
43	제주	서귀포시	서귀포시	TRUE	315	0	1	3	0	105	0	55	0	50	3	5	24	0	0	69
166	서울	서대문구	서대문구	TRUE	587	1	1	5	3	208	2	125	1	89	1	1	0	0	0	150
68	충남	서산시	서산시	TRUE	261	0	2	0	2	77	0	48	0	37	1	10	15	0	0	69
74	충남	서천군	서천군	TRUE	116	0	0	1	5	30	0	12	0	14	1	10	17	0	0	26
175	서울	서초구	서초구	TRUE	1465	1	0	12	4	630	5	315	6	252	1	2	0	0	1	236
195	경기	성남시 분당구	성남시 분당구	TRUE	1167	1	3	10	6	443	5	261	3	201	1	1	0	0	0	232
193	경기	성남시 수정구	성남시 수정구	TRUE	513	0	2	5	6	193	1	116	1	70	1	0	0	0	0	118
194	경기	성남시 중원구	성남시 중원구	TRUE	415	0	1	2	4	152	1	84	0	72	1	0	0	0	0	98
157	서울	성동구	성동구	TRUE	593	1	0	6	3	213	1	127	0	93	1	0	0	0	0	148
161	서울	성북구	성북구	TRUE	729	1	0	6	7	251	1	149	0	113	1	0	0	0	0	200
126	경북	성주군	성주군	TRUE	84	0	0	2	5	18	0	9	0	11	1	9	11	0	0	18
236	강원	속초시	세종특별자치시	FALSE	165	0	2	0	2	64	1	30	0	24	1	0	0	0	0	41
177	서울	송파구	속초시	FALSE	1527	1	1	16	10	561	4	318	4	250	1	1	0	0	0	360
100	대구	수성구	송파구	FALSE	948	0	1	15	8	346	5	166	2	208	1	0	0	0	0	196
92	부산	수영구	수성구	FALSE	395	0	2	8	11	123	1	78	0	82	1	0	0	0	1	88
190	경기	수원시 권선구	수영구	FALSE	470	0	0	9	4	154	0	99	0	79	1	0	0	0	0	124
192	경기	수원시 영통구	수원시 권선구	FALSE	582	1	0	8	5	209	0	144	1	90	1	0	0	0	0	123
189	경기	수원시 장안구	수원시 영통구	FALSE	446	0	1	5	9	147	0	97	0	77	1	0	0	0	0	109
191	경기	수원시 팔달구	수원시 장안구	FALSE	584	0	2	11	7	221	1	104	3	107	1	0	0	0	0	127
17	전북	순창군	수원시 팔달구	FALSE	72	0	0	1	1	17	0	6	0	6	0	10	17	1	0	13
22	전남	순천시	순창군	FALSE	452	0	5	17	7	134	1	89	5	53	1	9	22	0	0	109
212	경기	시흥시	순천시	FALSE	622	0	3	4	13	226	2	131	9	74	1	1	4	0	0	154
41	전남	신안군	시흥시	FALSE	77	0	0	2	2	12	0	5	0	5	1	16	23	0	0	11
67	충남	아산시	신안군	FALSE	435	0	1	9	10	135	1	83	1	60	1	11	16	0	0	107
112	경북	안동시	아산시	FALSE	290	0	3	5	7	80	2	43	1	42	1	14	25	0	0	67
204	경기	안산시 단원구	안동시	FALSE	620	1	2	14	10	229	4	108	8	81	1	2	2	0	1	157
203	경기	안산시 상록구	안산시단원구	FALSE	404	0	1	7	7	128	0	79	7	59	1	2	0	0	0	113
221	경기	안성시	안산시상록구	FALSE	271	0	2	2	10	74	1	47	0	33	1	9	15	0	0	77
198	경기	안양시 동안구	안성시	FALSE	699	1	0	11	1	253	1	164	0	119	1	0	0	0	2	146
197	경기	안양시 만안구	안양시동안구	FALSE	400	0	2	3	8	129	0	88	2	64	1	0	0	0	0	103
245	강원	양구군	안양시만안구	FALSE	33	0	0	3	0	5	0	5	0	4	1	4	3	0	0	8
143	경남	양산시	양구군	FALSE	507	1	2	10	18	174	3	83	2	81	1	6	2	0	0	124
248	강원	양양군	양산시	FALSE	37	0	0	0	0	6	0	4	0	4	1	5	5	0	0	12
225	경기	양주시	양양군	FALSE	252	0	0	5	12	80	0	47	0	30	1	2	3	0	0	72
168	서울	양천구	양주시	FALSE	816	0	3	5	5	279	4	177	3	150	1	0	0	0	0	189
230	경기	양평군	양천구	FALSE	178	0	0	2	8	41	0	29	1	32	1	10	16	0	0	38
21	전남	여수시	양평군	FALSE	471	0	3	7	11	153	2	79	2	55	1	12	28	0	0	118
227	경기	여주시	여수시	FALSE	191	0	0	4	6	50	0	33	0	27	1	9	13	0	0	48
182	인천	연수구	여주시	FALSE	467	0	1	4	4	177	2	101	1	76	1	1	0	0	0	99
91	부산	연제구	연수구	FALSE	450	0	1	10	16	153	2	89	1	80	1	0	0	0	1	96
228	경기	연천군	연제구	FALSE	69	0	0	0	1	13	0	11	0	7	0	7	7	1	0	22
37	전남	영광군	연천군	FALSE	116	0	2	0	2	34	0	15	0	13	1	7	13	0	0	29
123	경북	영덕군	영광군	FALSE	81	0	0	1	2	17	0	9	0	8	1	8	13	0	0	22
82	부산	영도구	영덕군	FALSE	203	0	2	1	5	73	0	31	0	34	1	0	0	0	0	56
57	충북	영동군	영도구	FALSE	108	0	0	1	3	27	0	10	0	15	1	10	17	0	0	24
172	서울	영등포구	영동군	FALSE	1001	0	7	8	12	339	1	238	2	149	1	0	0	0	0	244
34	전남	영암군	영등포구	FALSE	100	0	0	2	2	23	0	13	0	14	1	10	13	0	0	22
122	경북	영양군	영암군	FALSE	24	0	0	1	0	1	0	3	0	2	1	5	8	0	0	3
240	강원	영월군	영양군	FALSE	56	0	1	1	1	12	0	6	0	6	1	7	5	0	0	16
114	경북	영주시	영월군	FALSE	191	0	1	6	4	51	0	28	1	30	1	10	13	0	0	46
115	경북	영천시	영주시	FALSE	192	0	1	2	3	59	1	19	1	35	1	11	13	0	1	45
77	충남	예산군	영천시	FALSE	156	0	1	1	0	41	0	21	0	22	1	12	16	0	0	41
128	경북	예천군	예산군	FALSE	97	0	0	1	2	21	0	13	1	13	1	10	16	0	0	19
211	경기	오산시	예천군	FALSE	314	0	2	6	6	103	1	70	1	41	1	0	0	0	0	83
56	충북	옥천군	오산시	FALSE	107	0	1	0	4	30	0	11	0	15	1	8	16	0	0	21
188	인천	옹진군	옥천군	FALSE	32	0	0	1	0	3	0	3	0	2	0	8	12	0	0	3
39	전남	완도군	옹진군	FALSE	96	0	0	1	0	25	0	10	0	9	0	12	18	1	0	20
12	전북	완주군	완도군	FALSE	170	0	0	4	6	50	0	18	0	24	1	12	17	0	0	38
156	서울	용산구	완주군	FALSE	435	0	1	2	0	135	0	106	0	62	1	0	0	0	1	127
217	경기	용인시 기흥구	용산구	FALSE	571	0	1	4	13	207	1	129	1	86	1	0	2	0	0	126
218	경기	용인시 수지구	용인시기흥구	FALSE	534	0	0	3	5	190	1	121	0	98	1	0	1	0	0	114
216	경기	용인시 처인구	용인시수지구	FALSE	324	0	2	3	7	102	0	69	1	44	1	7	7	0	0	81
131	경북	울릉군	용인시처인구	FALSE	11	0	0	0	1	0	0	1	0	1	0	2	3	1	0	2
107	울산	울주군	울릉군	FALSE	260	0	1	8	11	74	0	44	0	44	1	7	9	0	0	61
130	경북	울진군	울주군	FALSE	83	0	0	1	2	15	0	10	0	11	1	9	16	0	0	18
232	강원	원주시	울진군	FALSE	597	1	1	18	6	197	2	94	1	103	1	9	8	0	0	156
47	대전	유성구	원주시	FALSE	586	0	1	12	11	203	2	102	0	110	1	2	4	0	0	138
165	서울	은평구	유성구	FALSE	874	0	2	11	6	320	1	175	2	145	1	2	0	0	0	209
61	충북	음성군	은평구	FALSE	169	0	0	4	3	47	0	26	0	21	1	8	18	0	0	41
144	경남	의령군	음성군	FALSE	60	0	0	2	2	11	0	5	0	7	1	11	10	0	0	11
120	경북	의성군	의령군	FALSE	108	0	0	5	6	19	0	7	0	10	1	17	21	0	0	22
214	경기	의왕시	의성군	FALSE	189	0	0	2	4	62	1	44	0	30	1	1	0	0	1	43
196	경기	의정부시	의왕시	FALSE	729	0	4	13	10	273	2	143	3	95	1	0	0	0	0	185
220	경기	이천시	의정부시	FALSE	333	0	1	4	8	108	1	55	0	44	1	7	15	0	0	89
8	전북	익산시	이천시	FALSE	556	1	1	7	11	174	1	95	5	78	1	15	24	0	0	143
246	강원	인제군	익산시	FALSE	46	0	0	1	1	8	0	6	0	5	1	5	5	0	0	14
16	전북	임실군	인제군	FALSE	79	0	0	1	1	16	0	6	0	8	0	11	20	1	0	15
38	전남	장성군	임실군	FALSE	80	0	0	2	2	19	0	9	0	10	1	9	11	0	0	17
15	전북	장수군	장성군	FALSE	44	0	0	0	0	8	0	5	0	4	0	5	11	1	0	10
31	전남	장흥군	장수군	FALSE	80	0	1	1	1	23	0	8	1	10	1	8	11	0	0	15
6	전북	전주시 덕진구	장흥군	FALSE	591	1	2	7	17	211	1	115	10	77	0	0	2	0	0	148
5	전북	전주시 완산구	전주시덕진구	FALSE	790	0	2	26	18	265	1	155	11	121	1	0	1	0	0	189
242	강원	정선군	전주시완산구	FALSE	53	0	0	2	0	9	0	5	0	4	1	7	11	0	0	14
9	전북	정읍시	정선군	FALSE	256	0	1	4	5	76	0	34	1	32	1	15	26	0	0	61
42	제주	제주시	정읍시	FALSE	930	0	5	4	10	343	1	163	0	143	3	6	23	0	1	228
54	충북	제천시	제주시	FALSE	245	0	2	1	7	85	0	39	1	35	1	8	11	0	0	55
154	서울	종로구	제천시	FALSE	668	2	2	3	0	193	1	163	0	131	1	0	0	0	0	172
45	대전	중구	종로구	FALSE	518	1	2	5	12	175	1	85	1	85	1	1	1	0	1	147
79	부산	중구	중구	TRUE	182	0	1	1	5	69	0	39	1	25	1	0	0	0	0	40
95	대구	중구	중구	TRUE	594	1	2	13	3	248	4	109	1	70	1	0	0	0	0	142
103	울산	중구	중구	TRUE	323	0	2	10	5	108	0	67	0	48	1	0	0	0	0	82
155	서울	중구	중구	TRUE	728	0	2	4	0	241	6	211	1	95	1	0	0	0	0	167
179	인천	중구	중구	TRUE	177	1	1	2	4	57	0	36	1	16	1	2	1	0	0	55
160	서울	중랑구	중구	FALSE	689	0	3	12	3	237	0	148	0	108	1	0	0	0	0	177
58	충북	증평군	중랑구	FALSE	62	0	0	1	0	20	0	8	0	8	1	1	1	0	0	22
40	전남	진도군	증평군	FALSE	68	0	0	2	1	16	0	7	0	7	1	6	15	0	0	13
13	전북	진안군	진도군	FALSE	54	0	0	2	0	11	0	4	0	5	1	10	12	0	0	9
137	경남	진주시	진안군	FALSE	597	1	3	13	10	192	3	107	2	94	1	11	13	0	0	147
59	충북	진천군	진주시	FALSE	121	0	1	0	2	36	0	21	0	17	1	7	7	0	0	29
146	경남	창녕군	진천군	FALSE	129	0	0	4	7	29	0	13	0	15	1	13	19	0	0	28
134	경남	창원시 마산합포구	창녕군	FALSE	329	0	3	9	12	101	0	63	0	53	1	4	3	0	0	80
135	경남	창원시 마산회원구	창원시 마산합포구	FALSE	334	0	3	7	9	132	1	55	0	47	0	2	0	0	1	77
133	경남	창원시 성산구	창원시 마산회원구	FALSE	405	0	3	8	1	135	2	91	2	85	0	0	0	0	0	78
132	경남	창원시 의창구	창원시 성산구	FALSE	362	0	1	8	13	116	1	64	1	59	1	3	2	0	0	93
136	경남	창원시 진해구	창원시 의창구	FALSE	271	0	1	9	5	89	2	49	0	42	1	1	1	0	0	71
63	충남	천안시 동남구	창원시 진해구	FALSE	421	2	1	2	12	129	3	68	0	72	1	8	11	0	0	112
64	충남	천안시 서북구	천안시동남구	FALSE	648	0	1	18	11	213	5	116	6	98	1	4	7	0	0	168
243	강원	철원군	천안시서북구	FALSE	70	0	0	1	1	18	0	8	0	8	1	4	7	0	0	22
124	경북	청도군	철원군	FALSE	85	0	0	4	5	20	0	9	0	12	1	8	10	0	0	16
121	경북	청송군	청도군	FALSE	55	0	0	1	0	13	0	5	0	8	0	6	11	1	0	10
75	충남	청양군	청송군	FALSE	62	0	0	1	2	10	0	6	0	6	0	9	13	1	0	14
49	충북	청주시 상당구	청양군	FALSE	345	0	2	3	3	118	0	58	3	57	2	4	11	0	0	84
50	충북	청주시 서원구	청주시 상당구	FALSE	335	1	1	5	8	114	2	50	1	55	1	2	2	0	0	93
52	충북	청주시 청원구	청주시 서원구	FALSE	285	0	1	5	4	99	0	53	0	40	1	3	7	0	1	71
51	충북	청주시 흥덕구	청주시 청원구	FALSE	455	0	2	9	4	160	1	89	1	76	0	4	5	0	0	104
231	강원	춘천시	청주시 흥덕구	FALSE	472	0	2	9	7	161	0	81	0	69	1	10	13	0	0	119
53	충북	충주시	춘천시	FALSE	347	0	2	3	7	123	1	49	1	47	1	13	16	0	0	84
127	경북	칠곡군	충주시	FALSE	151	0	0	3	5	45	0	23	0	18	1	7	10	0	0	39
235	강원	태백시	칠곡군	FALSE	64	0	1	1	0	23	0	9	0	7	1	1	1	0	0	20
78	충남	태안군	태백시	FALSE	112	0	0	1	1	29	1	13	1	13	0	6	16	1	0	30
138	경남	통영시	태안군	FALSE	230	0	0	7	4	78	0	34	1	27	1	3	18	0	0	57
219	경기	파주시	통영시	FALSE	573	0	1	11	20	184	0	114	1	85	1	6	7	0	0	143
241	강원	평창군	파주시	FALSE	84	0	0	0	2	17	0	13	0	10	0	6	15	1	0	20
201	경기	평택시	평창군	FALSE	765	0	4	11	7	253	0	148	1	111	2	9	11	0	1	207
226	경기	포천시	평택시	FALSE	209	0	2	2	6	62	0	36	0	24	1	13	9	0	0	54
108	경북	포항시 남구	포천시	FALSE	372	0	3	2	5	107	0	72	1	63	1	7	10	0	0	101
109	경북	포항시 북구	포항시 남구	FALSE	505	0	2	12	24	171	1	90	0	64	1	7	12	0	0	121
215	경기	하남시	포항시 북구	FALSE	381	0	0	7	4	148	0	76	0	58	1	0	0	0	0	87
149	경남	하동군	하남시	FALSE	94	0	0	3	2	20	0	12	0	9	1	12	18	0	0	17
145	경남	함안군	하동군	FALSE	94	0	0	3	4	22	0	13	0	12	1	5	9	0	0	25
151	경남	함양군	함안군	FALSE	83	0	0	1	0	22	0	9	0	10	1	10	11	0	0	19
36	전남	함평군	함양군	FALSE	76	0	0	2	2	15	1	8	0	7	1	8	16	0	0	16
153	경남	합천군	함평군	FALSE	96	0	0	3	2	17	0	10	0	14	1	16	15	0	0	18
33	전남	해남군	합천군	FALSE	135	0	2	2	2	36	0	16	0	10	1	13	18	0	0	35
87	부산	해운대구	해남군	FALSE	814	0	2	14	18	320	4	160	1	133	1	2	0	0	0	159
76	충남	홍성군	해운대구	FALSE	179	0	1	0	6	50	0	26	2	23	1	11	14	0	0	45
238	강원	홍천군	홍성군	FALSE	115	0	1	2	3	30	0	16	0	11	1	8	18	0	0	25
223	경기	화성시	홍천군	FALSE	1001	0	3	12	12	339	0	204	3	148	1	15	12	0	0	252
30	전남	화순군	화성시	FALSE	132	1	0	3	14	31	0	16	1	11	1	12	13	0	0	29
244	강원	화천군	화순군	FALSE	36	0	0	0	0	8	0	5	0	4	0	4	6	1	0	8
239	강원	횡성군	화천군	FALSE	69	0	0	1	1	13	0	7	0	13	1	8	8	0	0	17
			횡성군																	
